0505767747
0548354856
0546620368
0528118824
0525376376
0584346670
098647334
0542902042
0505330636
0505858900
0506273392
0508722680
0525398155
0528302088
098991594
0505332307
0526225622
0542222207
0523253666
0549490955
0542339412
0775099169
098997355
0544887577
0547977611
0545444464
0546915858
0526486230
0506977688
0546598882
036533515
0522202920
0522464773
0525267894
0775415140
0525456884
0539345221
0524897666
0542220900
0507777699
0544651806
0586280338
0544305037
0545930116
0549039375
097732135
0522686300
0525527096
0507874556
0525374374
0525374374
037675012
0524771653
0776640104
0528767879
0586314600
0542042255
0535237383
0544666766
0506692610
098910952
0523304404
0522500636
0546347122
0535212208
0526411110
0543453459
0528385153
0504405222
0505552212
0509029094
0523594942
0522357200
0522707071
0522578522
0522578522
0546474218
0508536665
0545612614
0546582600
0507635615
0522561512
0542268050
0542286811
0525937099
0508833639
099790777
0526353815
037675000
0547620667
0546986693
0525092970
0547770437
0505478847
0537929253
0528570253
0547116186
098919480
0505830909
0507121066
0545931041
0771665664
0528022203
0508503838
0506217674
0506217674
0547096663
0522858586
0547331718
0506292759
0528444872
0546835500
0523376173
0545577438
0774323503
0546529629
0523910040
0523962877
0544773842
0544671499
0523986125
0523886373
0547420490
0523273063
0504000003
0547799012
0542411142
0528278155
0524801214
097651470
0509001328
0528646513
0528929498
0526771115
0545219744
0543563353
0544549354
0527349996
0723155067
0528257793
0522442066
0586331117
0523110001
0535247028
0528646323
0506918928
0503195258
0503053030
0546996936
0532820828
0544277219
0549203276
0507177071
0547799212
0522959207
0547468431
0544700125
0508725340
0525508540
0542200962
0546295876
0549996548
0505856406
0528869972
0505785949
088584339
0505292804
0527480848
0545454620
0526622111
0545403860
036091689
0546746844
0546778176
0542377512
0506929340
0525757757
0522373783
0522739772
0546650660
0544530783
0544540250
0547933450
0545500123
0522427658
0542322810
0526987000
0526987000
0546969908
0544768741
0548347846
0545422445
0525867999
0543975935
0544701455
0508464264
0522898645
0545225517
0547524262
0507362676
0522516053
0542654131
0506685742
0546598026
0546681062
0522570739
0576956939
0547186740
0543552049
036409254
098912046
0544540549
0505826368
0526034890
0507349432
036384475
0526130188
0544628660
0549700250
0546360130
0546603976
0545633040
0543116727
0546484614
0527731273
0505255050
0542588811
0528824982
0505603000
098350970
0542025269
0557248433
0504002072
0525527121
0507496196
0522927146
0508552700
0587748188
097668239
0508577884
0547400514
0523203234
0528337947
0543687911
0524332055
0502132909
0544515118
0544410500
0546851888
0543552047
0509709060
0527210043
0587892759
0523480197
0509090741
0522548757
0525487979
098335895
0528327840
0508443144
0775099169
0522555809
052335523
0777665664
0542471380
0523330521
0544224928
0505203399
0528878200
0543975169
0528578500
0523768334
0523414166
0505445545
0545225313
0524888891
0522777350
0504755676
0528090414
0509610747
0544872906
0523909013
036444113
0523283875
0544220330
0544296644
0523881843
0525212321
0507898686
0505708244
0504994397
0523431515
0546620368
0546672600
0777822822
0545245245
0528872725
0525888749
0508742103
0545251717
037675257
0542255628
0508956698
0523281253
0768668252
0523115702
0543986168
0772340730
0544614710
0768668242
0526360544
0506544644
0507177170
0543976662
0584346670
0503964678
0525527157
098999089
098335895
0506822757
0584567159
0506599589
0525527160
0546711818
0523654911
098999114
099506540
0542327488
0506621246
048718817
0523548446
0504335500
0544777782
0506858582
0545988988
0503124437
0545776589
037711111
0524260105
0505296995
0525376376
0552273722
0544971582
0504992922
0522665187
0525551437
0503377589
036752281
0525259977
0524471717
0545225714
0544242630
0575774365
0546301110
0528324848
0507123797
0546922887
0528588550
0523811768
0547800611
0526990905
0544399536
0546416060
0524739991
0505200802
0543971166
0507851069
0507851068
0772100196
0542113055
0522805705
098997355
098997355
098997355
098997355
0528200032
0528200032
0528200032
0547950019
0542309147
0544754485
0505446190
0528662103
0772010082
0538973350
0528973350
0506670474
0544685685
0545242282
0545457253
0546899131
0523879377
0542133392
0528084239
0546181818
0732903762
